3820
3820
3820
4320
4820
5070
5320
5570
5820
5820
5820
6070
6195
6320
6320
6570
6695
6820
6820
7070
7195
7320
7320
7570
7695
7820
7820
7945
8070
8195
8320
8320
8445
8570
8695
8820
8820
9070
9070
9320
9320
9820
9820
10070
10320
10320
10570
10695
10820
10820
11070
11070
11070
11320
11320
11570
11570
11820
11820
11820
12070
12070
12320
12320
12320
12570
12570
12820
12820
12820
13570
13570
13695
13695
13820
13820
14070
14070
14320
14320
14570
14570
14695
14695
14820
14820
15070
15070
15320
15320
15570
15570
15570
15820
15820
16070
16320
16320
16570
16820
16820
16820
17070
17070
17070
17320
17320
17320
17570
17570
17695
17695
17820
17820
18070
18070
18320
18320
18570
18570
18695
18695
18820
18820
19070
19070
19320
19320
19570
19570
19570
19820
19820
20070
20320
20320
20570
20820
20820
20820
21320
21570
21570
21695
21695
21820
21820
22070
22070
22320
22320
22570
22570
22695
22695
22820
22820
23070
23070
23320
23320
23570
23570
23570
23820
23820
24070
24320
24320
24570
24820
24820
24820
25070
25070
25070
25320
25320
25320
25570
25570
25695
25695
25820
25820
26070
26070
26320
26320
26570
26570
26695
26695
26820
26820
27070
27070
27320
27320
27570
27570
27570
27820
27820
28070
28320
28320
28570
28820
28820
28820
29070
29070
29070
29320
29320
29320
29570
30070
30070
30070
30570
30570
30570
30820
30820
31070
31070
31320
31320
31570
31570
31820
31820
32570
32695
32820
33070
33070
33320
33570
34070
34070
34070
34570
34570
34570
34820
34820
35070
35070
35320
35320
35570
35820
35820
35945
36070
36070
36195
36320
36320
36445
36570
36570
36695
36820
36820
37320
37320
37570
37570
38070
38195
38320
38445
38570
39070
39070
39195
39320
39320
39570
39570
40070
40195
40320
40445
40570
41070
41070
41195
41320
41320
41570
41570
41820
41820
42570
42570
42820
42820
43570
43820
43820
44070
44070
44320
44320
44820
44820
44820
45320
45320
45570
45570
45820
45820
46070
46070
46320
46320
46445
46570
46570
46820
46820
47320
47320
47570
47570
47820
47820
48070
48070
48195
48320
48320
48570
48570
48820
48820
49320
49445
49570
49695
49820
49820
50320
50445
50570
50820
50820
51070
51070
51320
51320
51570
51570
51820
51820
51945
52070
52070
52195
52320
52320
52445
52570
52570
52695
52820
52820
53320
53320
53570
53570
53820
53820
54070
54070
54195
54320
54320
54570
54570
54820
54820
55320
55320
55570
55570
55820
55820
56070
56070
56195
56320
56320
56570
56570
56820
56820
57320
57445
57570
57695
57820
57820
58320
58570
58820
58820
59070
59070
59320
59320
59570
59570
59820
59820
59820
60570
60695
60820
61070
61320
61320
61570
61820
61820
62320
62570
62820
62820
63320
63320
63445
63445
63570
63570
63820
63820
64070
64195
64320
64320
64570
64695
64820
64820
65070
65195
65320
65320
65570
65695
65820
65820
65945
66070
66070
66195
66320
66320
66445
66570
66570
66695
66820
66820
67070
67070
67320
67320
67820
67820
68070
68195
68320
68320
68570
68695
68820
68820
69070
69070
69320
69320
69570
69695
69820
69820
69945
70070
70070
70195
70320
70320
70445
70570
70570
70695
70820
70820
71570
71570
71695
71820
71820
72070
72070
72195
72320
72320
72570
72570
72695
72820
72820
73070
73070
73195
73320
73320
73570
73695
73820
73820
73820
73945
74070
74070
74195
74320
74320
74320
74445
74570
74570
74695
74820
74820
74820
75070
75070
75070
75320
75320
75320
75820
75820
76070
76070
76195
76320
76320
76570
76570
76695
76820
76820
77070
77070
77320
77320
77570
77570
77820
77820
77820
78070
78070
78070
78320
78320
78320
78570
78570
78570
78820
78820
78820
79570
79570
79695
79695
79820
79820
80070
80070
80320
80320
80570
80570
80695
80695
80820
80820
81070
81070
81320
81320
81570
81570
81570
81820
81820
82070
82320
82320
82570
82820
82820
82820
83070
83070
83070
83320
83320
83320
83570
83570
83695
83695
83820
83820
84070
84070
84320
84320
84570
84570
84695
84695
84820
84820
85070
85070
85320
85320
85570
85570
85570
85820
85820
86070
86320
86320
86570
86820
86820
86820
87320
87570
87570
87695
87695
87820
87820
88070
88070
88320
88320
88570
88570
88695
88695
88820
88820
89070
89070
89320
89320
89570
89570
89570
89820
89820
90070
90320
90320
90570
90820
90820
90820
91070
91070
91070
91320
91320
91320
91570
91570
91695
91695
91820
91820
92070
92070
92320
92320
92570
92570
92695
92695
92820
92820
93070
93070
93320
93320
93570
93570
93570
93820
93820
94070
94320
94320
94570
94820
94820
94820
95070
95070
95070
95320
95320
95320
95820
95820
96070
96320
96570
96820
97070
97320
97570
97820
98070
98320
98570
98820
98820
99070
99070
99320
99570
99820
99820
100070
100320
100570
100820
101070
101320
101570
101820
101820
102070
102320
102320
102570
102820
102820
103070
103070
103320
103320
